M 448.00,320.00
           C 448.00,320.00 28.00,322.00 28.00,322.00
             28.00,322.00 26.00,21.00 26.00,21.00
             26.00,21.00 199.00,20.00 199.00,20.00
             199.00,20.00 197.00,581.00 197.00,581.00
             197.00,581.00 30.00,579.00 30.00,579.00
             30.00,579.00 28.00,322.00 28.00,322.00
             28.00,322.00 624.00,318.00 624.00,318.00
             624.00,318.00 623.00,18.00 623.00,18.00
             623.00,18.00 697.00,20.00 697.00,20.00
             697.00,20.00 698.00,518.00 698.00,518.00
             698.00,518.00 623.00,519.00 623.00,519.00
             623.00,519.00 624.00,317.00 624.00,317.00
             624.00,317.00 449.00,321.00 449.00,321.00
