<?xml version="1.0" encoding="UTF-8" standalone="no"?>
<!DOCTYPE svg PUBLIC "-//W3C//DTD SVG 20010904//EN"
              "http://www.w3.org/TR/2001/REC-SVG-20010904/DTD/svg10.dtd">

<svg xmlns="http://www.w3.org/2000/svg"
     width="8.33156in" height="5.82039in"
     viewBox="0 0 783 547">
  <path id="AlternatePath"
        fill="none" stroke="black" stroke-width="1"
        d="M 242.00,206.00
           C 242.00,206.00 270.00,204.00 270.00,204.00
             270.00,204.00 275.00,154.00 275.00,154.00
             275.00,154.00 319.00,153.00 319.00,153.00
             319.00,153.00 320.00,105.00 320.00,105.00
             320.00,105.00 375.00,105.00 375.00,105.00
             375.00,105.00 378.00,29.00 378.00,29.00
             378.00,29.00 461.00,33.00 461.00,33.00
             461.00,33.00 461.00,152.00 461.00,152.00
             461.00,152.00 378.00,152.00 378.00,152.00
             378.00,152.00 376.00,252.00 376.00,252.00
             376.00,252.00 324.00,256.00 324.00,256.00
             324.00,256.00 324.00,357.00 324.00,357.00
             324.00,357.00 373.00,363.00 373.00,363.00
             373.00,363.00 379.00,460.00 379.00,460.00
             379.00,460.00 460.00,468.00 460.00,468.00
             460.00,468.00 464.00,519.00 464.00,519.00
             464.00,519.00 274.00,516.00 274.00,516.00
             274.00,516.00 273.00,473.00 273.00,473.00
             273.00,473.00 320.00,469.00 320.00,469.00
             320.00,469.00 321.00,417.00 321.00,417.00
             321.00,417.00 168.00,411.00 168.00,411.00
             168.00,411.00 166.00,464.00 166.00,464.00
             166.00,464.00 218.00,464.00 218.00,464.00
             218.00,464.00 217.00,516.00 217.00,516.00
             217.00,516.00 29.00,514.00 29.00,514.00
             29.00,514.00 29.00,466.00 29.00,466.00
             29.00,466.00 63.00,464.00 63.00,464.00
             63.00,464.00 65.00,418.00 65.00,418.00
             65.00,418.00 26.00,416.00 26.00,416.00
             26.00,416.00 29.00,364.00 29.00,364.00
             29.00,364.00 112.00,364.00 112.00,364.00
             112.00,364.00 115.00,257.00 115.00,257.00
             115.00,257.00 165.00,263.00 165.00,263.00
             165.00,263.00 168.00,208.00 168.00,208.00
             168.00,208.00 242.00,206.00 242.00,206.00 Z
           M 196.00,184.00" />
</svg>
