M 447.00,322.00
           C 447.00,322.00 622.00,322.00 622.00,322.00
             622.00,322.00 618.00,157.00 618.00,157.00
             618.00,157.00 273.00,157.00 273.00,157.00
             273.00,157.00 275.00,21.00 275.00,21.00
             275.00,21.00 199.00,21.00 199.00,21.00
             199.00,21.00 199.00,517.00 199.00,517.00
             199.00,517.00 271.00,514.00 271.00,514.00
             271.00,514.00 271.00,579.00 271.00,579.00
             271.00,579.00 623.00,585.00 623.00,585.00
             623.00,585.00 621.00,20.00 621.00,20.00
             621.00,20.00 273.00,21.00 273.00,21.00
             273.00,21.00 271.00,519.00 271.00,519.00
             271.00,519.00 699.00,517.00 699.00,517.00
             699.00,517.00 696.00,22.00 696.00,22.00
             696.00,22.00 199.00,22.00 199.00,22.00
             199.00,22.00 199.00,320.00 199.00,320.00
             199.00,320.00 448.00,323.00 448.00,323.00