M 245.00,206.00
           C 245.00,206.00 325.00,207.00 325.00,207.00
             325.00,207.00 323.00,310.00 323.00,310.00
             323.00,310.00 168.00,311.00 168.00,311.00
             168.00,311.00 164.00,361.00 164.00,361.00
             164.00,361.00 112.00,362.00 112.00,362.00
             112.00,362.00 114.00,416.00 114.00,416.00
             114.00,416.00 273.00,414.00 273.00,414.00
             273.00,414.00 271.00,366.00 271.00,366.00
             271.00,366.00 374.00,365.00 374.00,365.00
             374.00,365.00 376.00,99.00 376.00,99.00
             376.00,99.00 112.00,97.00 112.00,97.00
             112.00,97.00 109.00,26.00 109.00,26.00
             109.00,26.00 29.00,32.00 29.00,32.00
             29.00,32.00 27.00,155.00 27.00,155.00
             27.00,155.00 111.00,156.00 111.00,156.00
             111.00,156.00 112.00,260.00 112.00,260.00
             112.00,260.00 168.00,263.00 168.00,263.00
             168.00,263.00 166.00,207.00 166.00,207.00
             166.00,207.00 245.00,206.00 245.00,206.00 Z