M 450.00,322.00
           C 450.00,322.00 273.00,321.00 273.00,321.00
             273.00,321.00 276.00,22.00 276.00,22.00
             276.00,22.00 695.00,20.00 695.00,20.00
             695.00,20.00 698.00,519.00 698.00,519.00
             698.00,519.00 270.00,516.00 270.00,516.00
             270.00,516.00 276.00,22.00 276.00,22.00
             276.00,22.00 622.00,20.00 622.00,20.00
             622.00,20.00 622.00,158.00 622.00,158.00
             622.00,158.00 275.00,157.00 275.00,157.00
             275.00,157.00 270.00,581.00 270.00,581.00
             270.00,581.00 625.00,582.00 625.00,582.00
             625.00,582.00 624.00,320.00 624.00,320.00
             624.00,320.00 450.00,323.00 450.00,323.00
